-0	-0	-0	-0	-0	-0	-0	-0	-0   -0   -0   -0   -0   -0   -0   -0   -0   -0   -0   -0   -0   -0   -0   -0   -0   -0   -0   -0	-0	-0	-0	-0	-0	-0	-0	-0   -0   -0   -0   -0   -0   -0   -0   -0   -0   -0   -0   -0   -0   -0
-0	-0	-0	-0	-0	-0	-0	-0	-0   -0   -0   -0   -0   -0   -0   -0   -0   -0   -0   -0   -0   -0   -0   -0   -0   -0   -0   -0	-0	-0	-0	-0	-0	-0	-0	-0   -0   -0   -0   -0   -0   -0   -0   -0   -0   -0   -0   -0   -0   -0
-0	-0	-0	-0	-0	-0	-0	-0	-0   -0   -0   -0   -0   -0   -0   -0   -0   -0   -0   -0   -0   -0   -0   -0   -0   -0   -0   -0	-0	-0	-0	-0	-0	-0	-0	-0   -0   -0   -0   -0   -0   -0   -0   -0   -0   -0   -0   -0   -0   -0
-0	-0	-0	-0	-0	-0	-0	-0	-0   -0   -0   -0   -0   -0   -0   -0   -0   -0   -0   -0   -0   -0   -0   -0   -0   -0   -0   -0	-0	-0	-0	-0	-0	-0	-0	-0   -0   -0   -0   -0   -0   -0   -0   -0   -0   -0   -0   -0   -0   -0
-0	-0	-0	-0	-0	-0	-0	-0	-0   -0   -0   -0   -0   -0   -0   -0   -0   -0   -0   -0   -0   -0   -0   -0   -0   -0   -0   -0	-0	-0	-0	-0	-0	-0	-0	-0   -0   -0   -0   -0   -0   -0   -0   -0   -0   -0   -0   -0   -0   -0
-0	-0	-0	-0	-0	-0	-0	-0	-0   -0   -0   -0   -0   -0   -0   -0   -0   -0   -0   -0   -0   -0   -0   -0   -0   -0   -0   -0	-0	-0	-0	-0	-0	-0	-0	-0   -0   -0   -0   -0   -0   -0   -0   -0   -0   -0   -0   -0   -0   -0
-0	-0	-0	-0	-0	-0	-0	-0	-0   -0   -0   -0   -0   -0   -0   -0   -0   -0   -0   -0   -0   -0   -0   -0   -0   -0   -0   -0	-0	-0	-0	-0	-0	-0	-0	-0   -0   -0   -0   -0   -0   -0   -0   -0   -0   -0   -0   -0   -0   -0
-0	-0	-0	-0	-0	-0	-0	-0	-0   -0   -0   -0   -0   -0   -0   -0   -0   -0   -0   -0   -0   -0   -0   -0   -0   -0   -0   -0	-0	-0	-0	-0	-0	-0	-0	-0   -0   -0   -0   -0   -0   -0   -0   -0   -0   -0   -0   -0   -0   -0
-0	-0	-0	-0	-0	-0	-0	-0	-0   -0   -0   -0   -0   -0   -0   -0   -0   -0   -0   -0   -0   -0   -0   -0   -0   -0   -0   -0	-0	-0	-0	-0	-0	-0	-0	-0   -0   -0   -0   -0   -0   -0   -0   -0   -0   -0   -0   -0   -0   -0
-0   -0   -0   -0   -0   -0   -0   -0   -0   -0   -0   -0   -0   -0   -0   -0   -0   -0   -0   -0   -0   -0   -0   -0   -0   -0   -0   -0	-0	-0	-0	-0	-0	-0	-0	-0   -0   -0   -0   -0   -0   -0   -0   -0   -0   -0   -0   -0   -0   -0
-0   -0   -0   -0   -0   -0   -0   -0   -0   -0   -0   -0   -0   -0   -0   -0   -0   -0   -0   -0   -0   -0   -0   -0   -0   -0   -0   -0	-0	-0	-0	-0	-0	-0	-0	-0   -0   -0   -0   -0   -0   -0   -0   -0   -0   -0   -0   -0   -0   -0
-0   -0   -0   -0   -0   -0   -0   -0   -0   -0   -0   -0   -0   -0   -0   -0   -0   -0   -0   -0   -0   -0   -0   -0   -0   -0   -0   -0	-0	-0	-0	-0	-0	-0	-0	-0   -0   -0   -0   -0   -0   -0   -0   -0   -0   -0   -0   -0   -0   -0
-0   -0   -0   -0   -0   -0   -0   -0   -0   -0   -0   -0   -0   -0   -0   -0   -0   -0   -0   -0   -0   -0   -0   -0   -0   -0   -0   -0	-0	-0	-0	-0	-0	-0	-0	-0   -0   -0   -0   -0   -0   -0   -0   -0   -0   -0   -0   -0   -0   -0
-0   -0   -0   -0   -0   -0   -0   -0   -0   -0   -0   -0   -0   -0   -0   -0   -0   -0   -0   -0   -0   -0   -0   -0   -0   -0   -0   -0	-0	-0	-0	-0	-0	-0	-0	-0   -0   -0   -0   -0   -0   -0   -0   -0   -0   -0   -0   -0   -0   -0
-0   -0   -0   -0   -0   -0   -0   -0   -0   -0   -0   -0   -0   -0   -0   -0   -0   -0   -0   -0   -0   -0   -0   -0   -0   -0   -0   -0	-0	-0	-0	-0	-0	-0	-0	-0   -0   -0   -0   -0   -0   -0   -0   -0   -0   -0   -0   -0   -0   -0
-0   -0   -0   -0   -0   -0   -0   -0   -0   -0   -0   -0   -0   -0   -0   -0   -0   -0   -0   -0   -0   -0   -0   -0   -0   -0   -0   -0	-0	-0	-0	-0	-0	-0	-0	-0   -0   -0   -0   -0   -0   -0   -0   -0   -0   -0   -0   -0   -0   -0
-0   -0   -0   -0   -0   -0   -0   -0   -0   -0   -0   -0   -0   -0   -0   -0   -0   -0   -0   -0   -0   -0   -0   -0   -0   -0   -0   -0	-0	-0	-0	-0	-0	-0	-0	-0   -0   -0   -0   -0   -0   -0   -0   -0   -0   -0   -0   -0   -0   -0
-0   -0   -0   -0   -0   -0   -0   -0   -0   -0   -0   -0   -0   -0   -0   -0   -0   -0   -0   -0   -0   -0   -0   -0   -0   -0   -0   -0	-0	-0	-0	-0	-0	-0	-0	-0   -0   -0   -0   -0   -0   -0   -0   -0   -0   -0   -0   -0   -0   -0
-0   -0   -0   -0   -0   -0   -0   -0   -0   -0   -0   -0   -0   -0   -0   -0   -0   -0   -0   -0   -0   -0   -0   0.813   -0   -0   -0   -0	-0	-0	-0	-0	-0	-0	-0	-0   -0   -0   -0   -0   -0   -0   -0   -0   -0   -0   -0   -0   -0   -0
-0   -0   -0   -0   -0   -0   -0   -0   -0   -0   -0   -0   -0   -0   -0   -0   -0   -0   -0   -0   -0   -0   0.913   0   0.712   -0   -0   -0	-0	-0	-0	-0	-0	-0	-0	-0   -0   -0   -0   -0   -0   -0   -0   -0   -0   -0   -0   -0   -0   -0
-0   -0   -0   -0   -0   -0   -0   -0   -0   -0   -0   -0   -0   -0   -0   -0   -0   -0   -0   -0   -0   1.134   0   0   0   0.6   -0   -0   -0	-0	-0	-0	-0	-0	-0	-0	-0   -0   -0   -0   -0   -0   -0   -0   -0   -0   -0   -0   -0   -0 
-0   -0   -0   -0   -0   -0   -0   -0   -0   -0   -0   -0   -0   -0   -0   -0   -0   -0   -0   -0   1.245   0   0   0   0   0   0.5   -0	-0	-0	-0	-0	-0	-0	-0	-0   -0   -0   -0   -0   -0   -0   -0   -0   -0   -0   -0   -0   -0   -0
-0   -0   -0   -0   -0   -0   -0   -0   -0   -0   -0   -0   -0   -0   -0   -0   -0   -0   -0   1.35   0   0   0   0   0   0   0   0.67	-0	-0	-0	-0	-0	-0	-0	-0   -0   -0   -0   -0   -0   -0   -0   -0   -0   -0   -0   -0   -0   -0
-0   -0   -0   -0   -0   -0   -0   -0   -0   -0   -0   -0   -0   -0   -0   -0   -0   -0   1.4   0   0   0   0   0   0   0   0   0   0.76	-0	-0	-0	-0	-0	-0	-0	-0   -0   -0   -0   -0   -0   -0   -0   -0   -0   -0   -0   -0   -0 
-0   -0   -0   -0   -0   -0   -0   -0   -0   -0   -0   -0   -0   -0   -0   -0   -0   1.412   0   0   0   0   0   0   0   0   0   0   0	0.62	-0	-0	-0	-0	-0	-0   -0   -0   -0   -0   -0   -0   -0   -0   -0   -0   -0   -0   -0   -0
-0   -0   -0   -0   -0   -0   -0   -0   -0   -0   -0   -0   -0   -0   -0   -0   1.5   0   0   0   0   0   0   0   0   0   0   0   0	0	0.61	-0	-0	-0	-0	-0   -0   -0   -0   -0   -0   -0   -0   -0   -0   -0   -0   -0   -0   -0
-0   -0   -0   -0   -0   -0   -0   -0   -0   -0   -0   -0   -0   -0   -0   1.465   0   0   0   0   0   0   0   0   0   0   0   0   0	0	0	0.5	-0	-0	-0	-0   -0   -0   -0   -0   -0   -0   -0   -0   -0   -0   -0   -0   -0   -0
-0   -0   -0   -0   -0   -0   -0   -0   -0   -0   -0   -0   -0   -0   0.9   0   0   0   0   0   0   0   0   0   0   0   0   0   0	0	0	0	0.7	-0	-0	-0   -0   -0   -0   -0   -0   -0   -0   -0   -0   -0   -0   -0   -0   -0
-0   -0   -0   -0   -0   -0   -0   -0   -0   -0   -0   -0   -0   0.6   0   0   0   0   0   0   0   0   0   0   0   0   0   0   0	0	0	0	0	0.86	-0	-0   -0   -0   -0   -0   -0   -0   -0   -0   -0   -0   -0   -0   -0   -0
-0   -0   -0   -0   -0   -0   -0   -0   -0   -0   -0   -0   1.3   0   0   0   0   0   0   0   0   0   0   0   0   0   0   0   0	0	0	0	0	0	0.9	-0	-0	-0   -0   -0   -0   -0   -0   -0   -0   -0   -0   -0   -0   -0
-0   -0   -0   -0   -0   -0   -0   -0   -0   -0   -0   1.2   0   0   0   0   0   0   0   0   0   0   0   0   0   0   0   0	0	0	0	0	0	0	0	0.98   -0   -0   -0   -0   -0   -0   -0   -0   -0   -0   -0   -0   -0   -0
-0   -0   -0   -0   -0   -0   -0   -0   -0   -0   0.99   0   0   0   0   0   0   0   0   0   0   0   0   0   0   0   0   0	0	0	0	0	0	0	0	0   1.2   -0   -0   -0   -0   -0   -0   -0   -0   -0   -0   -0   -0   -0
-0   -0   -0   -0   -0   -0   -0   -0   -0   -0   -0   0.8   0   0   0   0   0   0   0   0   0   0   0   0   0   0   0   0	0	0	0	0	0	0	0	1.25   -0   -0   -0   -0   -0   -0   -0   -0   -0   -0   -0   -0   -0   -0
-0   -0   -0   -0   -0   -0   -0   -0   -0   -0   -0   -0   0.678   0   0   0   0   0   0   0   0   0   0   0   0   0   0   0	0	0	0	0	0	0	1.38	-0   -0   -0   -0   -0   -0   -0   -0   -0   -0   -0   -0   -0   -0   -0
-0   -0   -0   -0   -0   -0   -0   -0   -0   -0   -0   -0   -0   0.78   0   0   0   0   0   0   0   0   0   0   0   0   0   0	0	0	0	0	0	1.56	-0	-0   -0   -0   -0   -0   -0   -0   -0   -0   -0   -0   -0   -0   -0   -0
-0   -0   -0   -0   -0   -0   -0   -0   -0   -0   -0   -0   -0   -0   0.588   0   0   0   0   0   0   0   0   0   0   0   0   0	0	0	0	0	1.7	-0	-0	-0   -0   -0   -0   -0   -0   -0   -0   -0   -0   -0   -0   -0   -0   -0
-0   -0   -0   -0   -0   -0   -0   -0   -0   -0   -0   -0   -0   -0   -0   0.56   0   0   0   0   0   0   0   0   0   0   0   0	0	0	0	1.63	-0	-0	-0	-0   -0   -0   -0   -0   -0   -0   -0   -0   -0   -0   -0   -0   -0   -0
-0   -0   -0   -0   -0   -0   -0   -0   -0   -0   -0   -0   -0   -0   -0   -0   0.4   0   0   0   0   0   0   0   0   0   0   0	0	0	1.53	-0	-0	-0	-0	-0   -0   -0   -0   -0   -0   -0   -0   -0   -0   -0   -0   -0   -0   -0
-0   -0   -0   -0   -0   -0   -0   -0   -0   -0   -0   -0   -0   -0   -0   -0   -0   0.46   0   0   0   0   0   0   0   0   0   0	0	1.39	-0	-0	-0	-0	-0	-0   -0   -0   -0   -0   -0   -0   -0   -0   -0   -0   -0   -0   -0   -0
-0   -0   -0   -0   -0   -0   -0   -0   -0   -0   -0   -0   -0   -0   -0   -0   -0   -0   0.52   0   0   0   0   0   0   0   0   0	1.28	-0	-0	-0	-0	-0	-0	-0   -0   -0   -0   -0   -0   -0   -0   -0   -0   -0   -0   -0   -0   -0
-0   -0   -0   -0   -0   -0   -0   -0   -0   -0   -0   -0   -0   -0   -0   -0   -0   -0   -0   0.6   0   0   0   0   0   0   0   1.20	-0	-0	-0	-0	-0	-0	-0	-0   -0   -0   -0   -0   -0   -0   -0   -0   -0   -0   -0   -0   -0   -0
-0   -0   -0   -0   -0   -0   -0   -0   -0   -0   -0   -0   -0   -0   -0   -0   -0   -0   -0   -0   0.68   0   0   0   0   0   1.115   -0	-0	-0	-0	-0	-0	-0	-0	-0   -0   -0   -0   -0   -0   -0   -0   -0   -0   -0   -0   -0   -0   -0
-0   -0   -0   -0   -0   -0   -0   -0   -0   -0   -0   -0   -0   -0   -0   -0   -0   -0   -0   -0   -0   0.7   0   0   0   1.23   -0   -0	-0	-0	-0	-0	-0	-0	-0	-0   -0   -0   -0   -0   -0   -0   -0   -0   -0   -0   -0   -0   -0   -0
-0   -0   -0   -0   -0   -0   -0   -0   -0   -0   -0   -0   -0   -0   -0   -0   -0   -0   -0   -0   -0   -0   0.8   0   1.22   -0   -0   -0	-0	-0	-0	-0	-0	-0	-0	-0   -0   -0   -0   -0   -0   -0   -0   -0   -0   -0   -0   -0   -0   -0
-0   -0   -0   -0   -0   -0   -0   -0   -0   -0   -0   -0   -0   -0   -0   -0   -0   -0   -0   -0   -0   -0   -0   1.15   -0   -0   -0   -0	-0	-0	-0	-0	-0	-0	-0	-0   -0   -0   -0   -0   -0   -0   -0   -0   -0   -0   -0   -0   -0   -0
-0   -0   -0   -0   -0   -0   -0   -0   -0   -0   -0   -0   -0   -0   -0   -0   -0   -0   -0   -0   -0   -0   -0   -0   -0   -0   -0   -0	-0	-0	-0	-0	-0	-0	-0	-0   -0   -0   -0   -0   -0   -0   -0   -0   -0   -0   -0   -0   -0   -0
-0   -0   -0   -0   -0   -0   -0   -0   -0   -0   -0   -0   -0   -0   -0   -0   -0   -0   -0   -0   -0   -0   -0   -0   -0   -0   -0   -0	-0	-0	-0	-0	-0	-0	-0	-0   -0   -0   -0   -0   -0   -0   -0   -0   -0   -0   -0   -0   -0   -0
-0   -0   -0   -0   -0   -0   -0   -0   -0   -0   -0   -0   -0   -0   -0   -0   -0   -0   -0   -0   -0   -0   -0   -0   -0   -0   -0   -0	-0	-0	-0	-0	-0	-0	-0	-0   -0   -0   -0   -0   -0   -0   -0   -0   -0   -0   -0   -0   -0   -0
-0   -0   -0   -0   -0   -0   -0   -0   -0   -0   -0   -0   -0   -0   -0   -0   -0   -0   -0   -0   -0   -0   -0   -0   -0   -0   -0   -0	-0	-0	-0	-0	-0	-0	-0	-0   -0   -0   -0   -0   -0   -0   -0   -0   -0   -0   -0   -0   -0   -0
-0   -0   -0   -0   -0   -0   -0   -0   -0   -0   -0   -0   -0   -0   -0   -0   -0   -0   -0   -0   -0   -0   -0   -0   -0   -0   -0   -0	-0	-0	-0	-0	-0	-0	-0	-0   -0   -0   -0   -0   -0   -0   -0   -0   -0   -0   -0   -0   -0   -0